% start	end	CellId	IMSI	RNTI	LCID	nTxPDUs	TxBytes	nRxPDUs	RxBytes	delay	stdDev	min	max	PduSize	stdDev	min	max
0	0.25	1	1	2	3	222	226226	218	221846	0.00471429	0	0.00471429	0.00471429	1017.64	275.498	41	1095	
0	0.25	1	2	1	3	222	227280	218	222900	0.00471429	0	0.00471429	0.00471429	1022.48	267.409	41	1095	
0.25	0.5	1	1	2	3	250	273750	250	273750	0.00471429	0	0.00471429	0.00471429	1095	0	1095	1095	
0.25	0.5	1	2	1	3	250	273750	250	273750	0.00471429	0	0.00471429	0.00471429	1095	0	1095	1095	
0.5	0.75	1	1	2	3	250	273750	250	273750	0.00471429	0	0.00471429	0.00471429	1095	0	1095	1095	
0.5	0.75	1	2	1	3	250	273750	250	273750	0.00471429	0	0.00471429	0.00471429	1095	0	1095	1095	
0.75	1	1	1	2	3	250	273750	250	273750	0.00471429	0	0.00471429	0.00471429	1095	0	1095	1095	
0.75	1	1	2	1	3	250	273750	250	273750	0.00471429	0	0.00471429	0.00471429	1095	0	1095	1095	
1	1.25	1	1	2	3	250	273750	250	273750	0.00471429	0	0.00471429	0.00471429	1095	0	1095	1095	
1	1.25	1	2	1	3	250	273750	250	273750	0.00471429	0	0.00471429	0.00471429	1095	0	1095	1095	
1.25	1.5	1	1	2	3	250	273750	250	273750	0.00471429	0	0.00471429	0.00471429	1095	0	1095	1095	
1.25	1.5	1	2	1	3	250	273750	250	273750	0.00471429	0	0.00471429	0.00471429	1095	0	1095	1095	
1.5	1.75	1	1	2	3	250	273750	250	273750	0.00471429	0	0.00471429	0.00471429	1095	0	1095	1095	
1.5	1.75	1	2	1	3	250	273750	250	273750	0.00471429	0	0.00471429	0.00471429	1095	0	1095	1095	
1.75	2	1	1	2	3	250	273750	250	273750	0.00471429	0	0.00471429	0.00471429	1095	0	1095	1095	
1.75	2	1	2	1	3	250	273750	250	273750	0.00471429	0	0.00471429	0.00471429	1095	0	1095	1095	
2	2.25	1	1	2	3	250	273750	250	273750	0.00471429	0	0.00471429	0.00471429	1095	0	1095	1095	
2	2.25	1	2	1	3	250	273750	250	273750	0.00471429	0	0.00471429	0.00471429	1095	0	1095	1095	
2.25	2.5	1	1	2	3	250	273750	250	273750	0.00471429	0	0.00471429	0.00471429	1095	0	1095	1095	
2.25	2.5	1	2	1	3	250	273750	250	273750	0.00471429	0	0.00471429	0.00471429	1095	0	1095	1095	
2.5	2.75	1	1	2	3	250	273750	250	273750	0.00471429	0	0.00471429	0.00471429	1095	0	1095	1095	
2.5	2.75	1	2	1	3	250	273750	250	273750	0.00471429	0	0.00471429	0.00471429	1095	0	1095	1095	
2.75	3	1	1	2	3	250	273750	250	273750	0.00471429	0	0.00471429	0.00471429	1095	0	1095	1095	
2.75	3	1	2	1	3	250	273750	250	273750	0.00471429	0	0.00471429	0.00471429	1095	0	1095	1095	
3	3.25	1	1	2	3	250	273750	250	273750	0.00471429	0	0.00471429	0.00471429	1095	0	1095	1095	
3	3.25	1	2	1	3	250	273750	250	273750	0.00471429	0	0.00471429	0.00471429	1095	0	1095	1095	
3.25	3.5	1	1	2	3	250	273750	250	273750	0.00471429	0	0.00471429	0.00471429	1095	0	1095	1095	
3.25	3.5	1	2	1	3	250	273750	250	273750	0.00471429	0	0.00471429	0.00471429	1095	0	1095	1095	
3.5	3.75	1	1	2	3	250	273750	250	273750	0.00471429	0	0.00471429	0.00471429	1095	0	1095	1095	
3.5	3.75	1	2	1	3	250	273750	250	273750	0.00471429	0	0.00471429	0.00471429	1095	0	1095	1095	
3.75	4	1	1	2	3	250	273750	250	273750	0.00471429	0	0.00471429	0.00471429	1095	0	1095	1095	
3.75	4	1	2	1	3	250	273750	250	273750	0.00471429	0	0.00471429	0.00471429	1095	0	1095	1095	
4	4.25	1	1	2	3	250	273750	250	273750	0.00471429	0	0.00471429	0.00471429	1095	0	1095	1095	
4	4.25	1	2	1	3	250	273750	250	273750	0.00471429	0	0.00471429	0.00471429	1095	0	1095	1095	
4.25	4.5	1	1	2	3	250	273750	250	273750	0.00471429	0	0.00471429	0.00471429	1095	0	1095	1095	
4.25	4.5	1	2	1	3	250	273750	250	273750	0.00471429	0	0.00471429	0.00471429	1095	0	1095	1095	
4.5	4.75	1	1	2	3	250	273750	250	273750	0.00471429	0	0.00471429	0.00471429	1095	0	1095	1095	
4.5	4.75	1	2	1	3	250	273750	250	273750	0.00471429	0	0.00471429	0.00471429	1095	0	1095	1095	
4.75	5	1	1	2	3	250	273750	250	273750	0.00471429	0	0.00471429	0.00471429	1095	0	1095	1095	
4.75	5	1	2	1	3	250	273750	250	273750	0.00471429	0	0.00471429	0.00471429	1095	0	1095	1095	
5	5.25	1	1	2	3	250	273750	250	273750	0.00471429	0	0.00471429	0.00471429	1095	0	1095	1095	
5	5.25	1	2	1	3	250	273750	250	273750	0.00471429	0	0.00471429	0.00471429	1095	0	1095	1095	
5.25	5.5	1	1	2	3	250	273750	250	273750	0.00471429	0	0.00471429	0.00471429	1095	0	1095	1095	
5.25	5.5	1	2	1	3	250	273750	250	273750	0.00471429	0	0.00471429	0.00471429	1095	0	1095	1095	
5.5	5.75	1	1	2	3	250	273750	250	273750	0.00471429	0	0.00471429	0.00471429	1095	0	1095	1095	
5.5	5.75	1	2	1	3	250	273750	250	273750	0.00471429	0	0.00471429	0.00471429	1095	0	1095	1095	
5.75	6	1	1	2	3	250	273750	250	273750	0.00471429	0	0.00471429	0.00471429	1095	0	1095	1095	
5.75	6	1	2	1	3	250	273750	250	273750	0.00471429	0	0.00471429	0.00471429	1095	0	1095	1095	
6	6.25	1	1	2	3	250	273750	250	273750	0.00471429	0	0.00471429	0.00471429	1095	0	1095	1095	
6	6.25	1	2	1	3	250	273750	250	273750	0.00471429	0	0.00471429	0.00471429	1095	0	1095	1095	
6.25	6.5	1	1	2	3	250	273750	250	273750	0.00471429	0	0.00471429	0.00471429	1095	0	1095	1095	
6.25	6.5	1	2	1	3	250	273750	250	273750	0.00471429	0	0.00471429	0.00471429	1095	0	1095	1095	
6.5	6.75	1	1	2	3	250	273750	250	273750	0.00471429	0	0.00471429	0.00471429	1095	0	1095	1095	
6.5	6.75	1	2	1	3	250	273750	250	273750	0.00471429	0	0.00471429	0.00471429	1095	0	1095	1095	
6.75	7	1	1	2	3	250	273750	250	273750	0.00471429	0	0.00471429	0.00471429	1095	0	1095	1095	
6.75	7	1	2	1	3	250	273750	250	273750	0.00471429	0	0.00471429	0.00471429	1095	0	1095	1095	
7	7.25	1	1	2	3	250	273750	250	273750	0.00471429	0	0.00471429	0.00471429	1095	0	1095	1095	
7	7.25	1	2	1	3	250	273750	250	273750	0.00471429	0	0.00471429	0.00471429	1095	0	1095	1095	
7.25	7.5	1	1	2	3	250	273750	250	273750	0.00471429	0	0.00471429	0.00471429	1095	0	1095	1095	
7.25	7.5	1	2	1	3	250	273750	250	273750	0.00471429	0	0.00471429	0.00471429	1095	0	1095	1095	
7.5	7.75	1	1	2	3	250	273750	250	273750	0.00471429	0	0.00471429	0.00471429	1095	0	1095	1095	
7.5	7.75	1	2	1	3	250	273750	250	273750	0.00471429	0	0.00471429	0.00471429	1095	0	1095	1095	
7.75	8	1	1	2	3	250	273750	250	273750	0.00471429	0	0.00471429	0.00471429	1095	0	1095	1095	
7.75	8	1	2	1	3	250	273750	250	273750	0.00471429	0	0.00471429	0.00471429	1095	0	1095	1095	
8	8.25	1	1	2	3	250	273750	250	273750	0.00471429	0	0.00471429	0.00471429	1095	0	1095	1095	
8	8.25	1	2	1	3	250	273750	250	273750	0.00471429	0	0.00471429	0.00471429	1095	0	1095	1095	
8.25	8.5	1	1	2	3	250	273750	250	273750	0.00471429	0	0.00471429	0.00471429	1095	0	1095	1095	
8.25	8.5	1	2	1	3	250	273750	250	273750	0.00471429	0	0.00471429	0.00471429	1095	0	1095	1095	
8.5	8.75	1	1	2	3	250	273750	250	273750	0.00471429	0	0.00471429	0.00471429	1095	0	1095	1095	
8.5	8.75	1	2	1	3	250	273750	250	273750	0.00471429	0	0.00471429	0.00471429	1095	0	1095	1095	
8.75	9	1	1	2	3	250	273750	250	273750	0.00471429	0	0.00471429	0.00471429	1095	0	1095	1095	
8.75	9	1	2	1	3	250	273750	250	273750	0.00471429	0	0.00471429	0.00471429	1095	0	1095	1095	
9	9.25	1	1	2	3	250	273750	250	273750	0.00471429	0	0.00471429	0.00471429	1095	0	1095	1095	
9	9.25	1	2	1	3	250	273750	250	273750	0.00471429	0	0.00471429	0.00471429	1095	0	1095	1095	
9.25	9.5	1	1	2	3	250	273750	250	273750	0.00471429	0	0.00471429	0.00471429	1095	0	1095	1095	
9.25	9.5	1	2	1	3	250	273750	250	273750	0.00471429	0	0.00471429	0.00471429	1095	0	1095	1095	
9.5	9.75	1	1	2	3	250	273750	250	273750	0.00471429	0	0.00471429	0.00471429	1095	0	1095	1095	
9.5	9.75	1	2	1	3	250	273750	250	273750	0.00471429	0	0.00471429	0.00471429	1095	0	1095	1095	
9.75	10	1	1	2	3	250	273750	250	273750	0.00471429	0	0.00471429	0.00471429	1095	0	1095	1095	
9.75	10	1	2	1	3	250	273750	250	273750	0.00471429	0	0.00471429	0.00471429	1095	0	1095	1095	
10	10.25	1	1	2	3	250	273750	250	273750	0.00471429	0	0.00471429	0.00471429	1095	0	1095	1095	
10	10.25	1	2	1	3	250	273750	250	273750	0.00471429	0	0.00471429	0.00471429	1095	0	1095	1095	
10.25	10.5	1	1	2	3	250	273750	250	273750	0.00471429	0	0.00471429	0.00471429	1095	0	1095	1095	
10.25	10.5	1	2	1	3	250	273750	250	273750	0.00471429	0	0.00471429	0.00471429	1095	0	1095	1095	
10.5	10.75	1	1	2	3	250	273750	250	273750	0.00471429	0	0.00471429	0.00471429	1095	0	1095	1095	
10.5	10.75	1	2	1	3	250	273750	250	273750	0.00471429	0	0.00471429	0.00471429	1095	0	1095	1095	
10.75	11	1	1	2	3	250	273750	250	273750	0.00471429	0	0.00471429	0.00471429	1095	0	1095	1095	
10.75	11	1	2	1	3	250	273750	250	273750	0.00471429	0	0.00471429	0.00471429	1095	0	1095	1095	
11	11.25	1	1	2	3	250	273750	250	273750	0.00471429	0	0.00471429	0.00471429	1095	0	1095	1095	
11	11.25	1	2	1	3	250	273750	250	273750	0.00471429	0	0.00471429	0.00471429	1095	0	1095	1095	
11.25	11.5	1	1	2	3	250	273750	250	273750	0.00471429	0	0.00471429	0.00471429	1095	0	1095	1095	
11.25	11.5	1	2	1	3	250	273750	250	273750	0.00471429	0	0.00471429	0.00471429	1095	0	1095	1095	
11.5	11.75	1	1	2	3	250	273750	250	273750	0.00471429	0	0.00471429	0.00471429	1095	0	1095	1095	
11.5	11.75	1	2	1	3	250	273750	250	273750	0.00471429	0	0.00471429	0.00471429	1095	0	1095	1095	
11.75	12	1	1	2	3	250	273750	250	273750	0.00471429	0	0.00471429	0.00471429	1095	0	1095	1095	
11.75	12	1	2	1	3	250	273750	250	273750	0.00471429	0	0.00471429	0.00471429	1095	0	1095	1095	
12	12.25	1	1	2	3	250	273750	250	273750	0.00471429	0	0.00471429	0.00471429	1095	0	1095	1095	
12	12.25	1	2	1	3	250	273750	250	273750	0.00471429	0	0.00471429	0.00471429	1095	0	1095	1095	
12.25	12.5	1	1	2	3	250	273750	250	273750	0.00471429	0	0.00471429	0.00471429	1095	0	1095	1095	
12.25	12.5	1	2	1	3	250	273750	250	273750	0.00471429	0	0.00471429	0.00471429	1095	0	1095	1095	
12.5	12.75	1	1	2	3	250	273750	250	273750	0.00471429	0	0.00471429	0.00471429	1095	0	1095	1095	
12.5	12.75	1	2	1	3	250	273750	250	273750	0.00471429	0	0.00471429	0.00471429	1095	0	1095	1095	
12.75	13	1	1	2	3	250	273750	250	273750	0.00471429	0	0.00471429	0.00471429	1095	0	1095	1095	
12.75	13	1	2	1	3	250	273750	250	273750	0.00471429	0	0.00471429	0.00471429	1095	0	1095	1095	
13	13.25	1	1	2	3	250	273750	250	273750	0.00471429	0	0.00471429	0.00471429	1095	0	1095	1095	
13	13.25	1	2	1	3	250	273750	250	273750	0.00471429	0	0.00471429	0.00471429	1095	0	1095	1095	
13.25	13.5	1	1	2	3	250	273750	250	273750	0.00471429	0	0.00471429	0.00471429	1095	0	1095	1095	
13.25	13.5	1	2	1	3	250	273750	250	273750	0.00471429	0	0.00471429	0.00471429	1095	0	1095	1095	
13.5	13.75	1	1	2	3	250	273750	250	273750	0.00471429	0	0.00471429	0.00471429	1095	0	1095	1095	
13.5	13.75	1	2	1	3	250	273750	250	273750	0.00471429	0	0.00471429	0.00471429	1095	0	1095	1095	
13.75	14	1	1	2	3	250	273750	250	273750	0.00471429	0	0.00471429	0.00471429	1095	0	1095	1095	
13.75	14	1	2	1	3	250	273750	250	273750	0.00471429	0	0.00471429	0.00471429	1095	0	1095	1095	
14	14.25	1	1	2	3	250	273750	250	273750	0.00471429	0	0.00471429	0.00471429	1095	0	1095	1095	
14	14.25	1	2	1	3	250	273750	250	273750	0.00471429	0	0.00471429	0.00471429	1095	0	1095	1095	
14.25	14.5	1	1	2	3	250	273750	250	273750	0.00471429	0	0.00471429	0.00471429	1095	0	1095	1095	
14.25	14.5	1	2	1	3	250	273750	250	273750	0.00471429	0	0.00471429	0.00471429	1095	0	1095	1095	
14.5	14.75	1	1	2	3	250	273750	250	273750	0.00471429	0	0.00471429	0.00471429	1095	0	1095	1095	
14.5	14.75	1	2	1	3	250	273750	250	273750	0.00471429	0	0.00471429	0.00471429	1095	0	1095	1095	
14.75	15	1	1	2	3	250	273750	250	273750	0.00471429	0	0.00471429	0.00471429	1095	0	1095	1095	
14.75	15	1	2	1	3	250	273750	250	273750	0.00471429	0	0.00471429	0.00471429	1095	0	1095	1095	
15	15.25	1	1	2	3	250	273750	250	273750	0.00471429	0	0.00471429	0.00471429	1095	0	1095	1095	
15	15.25	1	2	1	3	250	273750	250	273750	0.00471429	0	0.00471429	0.00471429	1095	0	1095	1095	
15.25	15.5	1	1	2	3	250	273750	250	273750	0.00471429	0	0.00471429	0.00471429	1095	0	1095	1095	
15.25	15.5	1	2	1	3	250	273750	250	273750	0.00471429	0	0.00471429	0.00471429	1095	0	1095	1095	
15.5	15.75	1	1	2	3	250	273750	250	273750	0.00471429	0	0.00471429	0.00471429	1095	0	1095	1095	
15.5	15.75	1	2	1	3	250	273750	250	273750	0.00471429	0	0.00471429	0.00471429	1095	0	1095	1095	
15.75	16	1	1	2	3	250	273750	250	273750	0.00471429	0	0.00471429	0.00471429	1095	0	1095	1095	
15.75	16	1	2	1	3	250	273750	250	273750	0.00471429	0	0.00471429	0.00471429	1095	0	1095	1095	
16	16.25	1	1	2	3	250	273750	250	273750	0.00471429	0	0.00471429	0.00471429	1095	0	1095	1095	
16	16.25	1	2	1	3	250	273750	250	273750	0.00471429	0	0.00471429	0.00471429	1095	0	1095	1095	
16.25	16.5	1	1	2	3	250	273750	250	273750	0.00471429	0	0.00471429	0.00471429	1095	0	1095	1095	
16.25	16.5	1	2	1	3	250	273750	250	273750	0.00471429	0	0.00471429	0.00471429	1095	0	1095	1095	
16.5	16.75	1	1	2	3	250	273750	250	273750	0.00471429	0	0.00471429	0.00471429	1095	0	1095	1095	
16.5	16.75	1	2	1	3	250	273750	250	273750	0.00471429	0	0.00471429	0.00471429	1095	0	1095	1095	
16.75	17	1	1	2	3	250	273750	250	273750	0.00471429	0	0.00471429	0.00471429	1095	0	1095	1095	
16.75	17	1	2	1	3	250	273750	250	273750	0.00471429	0	0.00471429	0.00471429	1095	0	1095	1095	
17	17.25	1	1	2	3	250	273750	250	273750	0.00471429	0	0.00471429	0.00471429	1095	0	1095	1095	
17	17.25	1	2	1	3	250	273750	250	273750	0.00471429	0	0.00471429	0.00471429	1095	0	1095	1095	
17.25	17.5	1	1	2	3	250	273750	250	273750	0.00471429	0	0.00471429	0.00471429	1095	0	1095	1095	
17.25	17.5	1	2	1	3	250	273750	250	273750	0.00471429	0	0.00471429	0.00471429	1095	0	1095	1095	
17.5	17.75	1	1	2	3	250	273750	250	273750	0.00471429	0	0.00471429	0.00471429	1095	0	1095	1095	
17.5	17.75	1	2	1	3	250	273750	250	273750	0.00471429	0	0.00471429	0.00471429	1095	0	1095	1095	
17.75	18	1	1	2	3	250	273750	250	273750	0.00471429	0	0.00471429	0.00471429	1095	0	1095	1095	
17.75	18	1	2	1	3	250	273750	250	273750	0.00471429	0	0.00471429	0.00471429	1095	0	1095	1095	
18	18.25	1	1	2	3	250	273750	250	273750	0.00471429	0	0.00471429	0.00471429	1095	0	1095	1095	
18	18.25	1	2	1	3	250	273750	250	273750	0.00471429	0	0.00471429	0.00471429	1095	0	1095	1095	
18.25	18.5	1	1	2	3	250	273750	250	273750	0.00471429	0	0.00471429	0.00471429	1095	0	1095	1095	
18.25	18.5	1	2	1	3	250	273750	250	273750	0.00471429	0	0.00471429	0.00471429	1095	0	1095	1095	
18.5	18.75	1	1	2	3	250	273750	250	273750	0.00471429	0	0.00471429	0.00471429	1095	0	1095	1095	
18.5	18.75	1	2	1	3	250	273750	250	273750	0.00471429	0	0.00471429	0.00471429	1095	0	1095	1095	
18.75	19	1	1	2	3	250	273750	250	273750	0.00471429	0	0.00471429	0.00471429	1095	0	1095	1095	
18.75	19	1	2	1	3	250	273750	250	273750	0.00471429	0	0.00471429	0.00471429	1095	0	1095	1095	
19	19.25	1	1	2	3	250	273750	250	273750	0.00471429	0	0.00471429	0.00471429	1095	0	1095	1095	
19	19.25	1	2	1	3	250	273750	250	273750	0.00471429	0	0.00471429	0.00471429	1095	0	1095	1095	
19.25	19.5	1	1	2	3	250	273750	250	273750	0.00471429	0	0.00471429	0.00471429	1095	0	1095	1095	
19.25	19.5	1	2	1	3	250	273750	250	273750	0.00471429	0	0.00471429	0.00471429	1095	0	1095	1095	
19.5	19.75	1	1	2	3	250	273750	250	273750	0.00471429	0	0.00471429	0.00471429	1095	0	1095	1095	
19.5	19.75	1	2	1	3	250	273750	250	273750	0.00471429	0	0.00471429	0.00471429	1095	0	1095	1095	
19.75	20	1	1	2	3	250	273750	250	273750	0.00471429	0	0.00471429	0.00471429	1095	0	1095	1095	
19.75	20	1	2	1	3	250	273750	250	273750	0.00471429	0	0.00471429	0.00471429	1095	0	1095	1095	
20	20.25	1	1	2	3	250	273750	250	273750	0.00471429	0	0.00471429	0.00471429	1095	0	1095	1095	
20	20.25	1	2	1	3	250	273750	250	273750	0.00471429	0	0.00471429	0.00471429	1095	0	1095	1095	
20.25	20.5	1	1	2	3	250	273750	250	273750	0.00471429	0	0.00471429	0.00471429	1095	0	1095	1095	
20.25	20.5	1	2	1	3	250	273750	250	273750	0.00471429	0	0.00471429	0.00471429	1095	0	1095	1095	
20.5	20.75	1	1	2	3	250	273750	250	273750	0.00471429	0	0.00471429	0.00471429	1095	0	1095	1095	
20.5	20.75	1	2	1	3	250	273750	250	273750	0.00471429	0	0.00471429	0.00471429	1095	0	1095	1095	
20.75	21	1	1	2	3	250	273750	250	273750	0.00471429	0	0.00471429	0.00471429	1095	0	1095	1095	
20.75	21	1	2	1	3	250	273750	250	273750	0.00471429	0	0.00471429	0.00471429	1095	0	1095	1095	
21	21.25	1	1	2	3	250	273750	250	273750	0.00471429	0	0.00471429	0.00471429	1095	0	1095	1095	
21	21.25	1	2	1	3	250	273750	250	273750	0.00471429	0	0.00471429	0.00471429	1095	0	1095	1095	
21.25	21.5	1	1	2	3	250	273750	250	273750	0.00471429	0	0.00471429	0.00471429	1095	0	1095	1095	
21.25	21.5	1	2	1	3	250	273750	250	273750	0.00471429	0	0.00471429	0.00471429	1095	0	1095	1095	
21.5	21.75	1	1	2	3	250	273750	250	273750	0.00471429	0	0.00471429	0.00471429	1095	0	1095	1095	
21.5	21.75	1	2	1	3	250	273750	250	273750	0.00471429	0	0.00471429	0.00471429	1095	0	1095	1095	
21.75	22	1	1	2	3	250	273750	250	273750	0.00471429	0	0.00471429	0.00471429	1095	0	1095	1095	
21.75	22	1	2	1	3	250	273750	250	273750	0.00471429	0	0.00471429	0.00471429	1095	0	1095	1095	
22	22.25	1	1	2	3	250	273750	250	273750	0.00471429	0	0.00471429	0.00471429	1095	0	1095	1095	
22	22.25	1	2	1	3	250	273750	250	273750	0.00471429	0	0.00471429	0.00471429	1095	0	1095	1095	
22.25	22.5	1	1	2	3	250	273750	250	273750	0.00471429	0	0.00471429	0.00471429	1095	0	1095	1095	
22.25	22.5	1	2	1	3	250	273750	250	273750	0.00471429	0	0.00471429	0.00471429	1095	0	1095	1095	
22.5	22.75	1	1	2	3	250	273750	250	273750	0.00471429	0	0.00471429	0.00471429	1095	0	1095	1095	
22.5	22.75	1	2	1	3	250	273750	250	273750	0.00471429	0	0.00471429	0.00471429	1095	0	1095	1095	
22.75	23	1	1	2	3	250	273750	250	273750	0.00471429	0	0.00471429	0.00471429	1095	0	1095	1095	
22.75	23	1	2	1	3	250	273750	250	273750	0.00471429	0	0.00471429	0.00471429	1095	0	1095	1095	
23	23.25	1	1	2	3	250	273750	250	273750	0.00471429	0	0.00471429	0.00471429	1095	0	1095	1095	
23	23.25	1	2	1	3	250	273750	250	273750	0.00471429	0	0.00471429	0.00471429	1095	0	1095	1095	
23.25	23.5	1	1	2	3	250	273750	250	273750	0.00471429	0	0.00471429	0.00471429	1095	0	1095	1095	
23.25	23.5	1	2	1	3	250	273750	250	273750	0.00471429	0	0.00471429	0.00471429	1095	0	1095	1095	
23.5	23.75	1	1	2	3	250	273750	250	273750	0.00471429	0	0.00471429	0.00471429	1095	0	1095	1095	
23.5	23.75	1	2	1	3	250	273750	250	273750	0.00471429	0	0.00471429	0.00471429	1095	0	1095	1095	
23.75	24	1	1	2	3	250	273750	250	273750	0.00471429	0	0.00471429	0.00471429	1095	0	1095	1095	
23.75	24	1	2	1	3	250	273750	250	273750	0.00471429	0	0.00471429	0.00471429	1095	0	1095	1095	
24	24.25	1	1	2	3	250	273750	250	273750	0.00471429	0	0.00471429	0.00471429	1095	0	1095	1095	
24	24.25	1	2	1	3	250	273750	250	273750	0.00471429	0	0.00471429	0.00471429	1095	0	1095	1095	
24.25	24.5	1	1	2	3	250	273750	250	273750	0.00471429	0	0.00471429	0.00471429	1095	0	1095	1095	
24.25	24.5	1	2	1	3	250	273750	250	273750	0.00471429	0	0.00471429	0.00471429	1095	0	1095	1095	
24.5	24.75	1	1	2	3	250	273750	250	273750	0.00471429	0	0.00471429	0.00471429	1095	0	1095	1095	
24.5	24.75	1	2	1	3	250	273750	250	273750	0.00471429	0	0.00471429	0.00471429	1095	0	1095	1095	
24.75	25	1	1	2	3	250	273750	250	273750	0.00471429	0	0.00471429	0.00471429	1095	0	1095	1095	
24.75	25	1	2	1	3	250	273750	250	273750	0.00471429	0	0.00471429	0.00471429	1095	0	1095	1095	
25	25.25	1	1	2	3	250	273750	250	273750	0.00471429	0	0.00471429	0.00471429	1095	0	1095	1095	
25	25.25	1	2	1	3	250	273750	250	273750	0.00471429	0	0.00471429	0.00471429	1095	0	1095	1095	
25.25	25.5	1	1	2	3	250	273750	250	273750	0.00471429	0	0.00471429	0.00471429	1095	0	1095	1095	
25.25	25.5	1	2	1	3	250	273750	250	273750	0.00471429	0	0.00471429	0.00471429	1095	0	1095	1095	
25.5	25.75	1	1	2	3	250	273750	250	273750	0.00471429	0	0.00471429	0.00471429	1095	0	1095	1095	
25.5	25.75	1	2	1	3	250	273750	250	273750	0.00471429	0	0.00471429	0.00471429	1095	0	1095	1095	
25.75	26	1	1	2	3	250	273750	250	273750	0.00471429	0	0.00471429	0.00471429	1095	0	1095	1095	
25.75	26	1	2	1	3	250	273750	250	273750	0.00471429	0	0.00471429	0.00471429	1095	0	1095	1095	
26	26.25	1	1	2	3	250	273750	250	273750	0.00471429	0	0.00471429	0.00471429	1095	0	1095	1095	
26	26.25	1	2	1	3	250	273750	250	273750	0.00471429	0	0.00471429	0.00471429	1095	0	1095	1095	
26.25	26.5	1	1	2	3	250	273750	250	273750	0.00471429	0	0.00471429	0.00471429	1095	0	1095	1095	
26.25	26.5	1	2	1	3	250	273750	250	273750	0.00471429	0	0.00471429	0.00471429	1095	0	1095	1095	
26.5	26.75	1	1	2	3	250	273750	250	273750	0.00471429	0	0.00471429	0.00471429	1095	0	1095	1095	
26.5	26.75	1	2	1	3	250	273750	250	273750	0.00471429	0	0.00471429	0.00471429	1095	0	1095	1095	
26.75	27	1	1	2	3	250	273750	250	273750	0.00471429	0	0.00471429	0.00471429	1095	0	1095	1095	
26.75	27	1	2	1	3	250	273750	250	273750	0.00471429	0	0.00471429	0.00471429	1095	0	1095	1095	
27	27.25	1	1	2	3	250	273750	250	273750	0.00471429	0	0.00471429	0.00471429	1095	0	1095	1095	
27	27.25	1	2	1	3	250	273750	250	273750	0.00471429	0	0.00471429	0.00471429	1095	0	1095	1095	
27.25	27.5	1	1	2	3	250	273750	250	273750	0.00471429	0	0.00471429	0.00471429	1095	0	1095	1095	
27.25	27.5	1	2	1	3	250	273750	250	273750	0.00471429	0	0.00471429	0.00471429	1095	0	1095	1095	
27.5	27.75	1	1	2	3	250	273750	250	273750	0.00471429	0	0.00471429	0.00471429	1095	0	1095	1095	
27.5	27.75	1	2	1	3	250	273750	250	273750	0.00471429	0	0.00471429	0.00471429	1095	0	1095	1095	
27.75	28	1	1	2	3	250	273750	250	273750	0.00471429	0	0.00471429	0.00471429	1095	0	1095	1095	
27.75	28	1	2	1	3	250	273750	250	273750	0.00471429	0	0.00471429	0.00471429	1095	0	1095	1095	
28	28.25	1	1	2	3	250	273750	250	273750	0.00471429	0	0.00471429	0.00471429	1095	0	1095	1095	
28	28.25	1	2	1	3	250	273750	250	273750	0.00471429	0	0.00471429	0.00471429	1095	0	1095	1095	
28.25	28.5	1	1	2	3	250	273750	250	273750	0.00471429	0	0.00471429	0.00471429	1095	0	1095	1095	
28.25	28.5	1	2	1	3	250	273750	250	273750	0.00471429	0	0.00471429	0.00471429	1095	0	1095	1095	
28.5	28.75	1	1	2	3	250	273750	250	273750	0.00471429	0	0.00471429	0.00471429	1095	0	1095	1095	
28.5	28.75	1	2	1	3	250	273750	250	273750	0.00471429	0	0.00471429	0.00471429	1095	0	1095	1095	
28.75	29	1	1	2	3	250	273750	250	273750	0.00471429	0	0.00471429	0.00471429	1095	0	1095	1095	
28.75	29	1	2	1	3	250	273750	250	273750	0.00471429	0	0.00471429	0.00471429	1095	0	1095	1095	
29	29.25	1	1	2	3	250	273750	250	273750	0.00471429	0	0.00471429	0.00471429	1095	0	1095	1095	
29	29.25	1	2	1	3	250	273750	250	273750	0.00471429	0	0.00471429	0.00471429	1095	0	1095	1095	
29.25	29.5	1	1	2	3	250	273750	250	273750	0.00471429	0	0.00471429	0.00471429	1095	0	1095	1095	
29.25	29.5	1	2	1	3	250	273750	250	273750	0.00471429	0	0.00471429	0.00471429	1095	0	1095	1095	
29.5	29.75	1	1	2	3	250	273750	250	273750	0.00471429	0	0.00471429	0.00471429	1095	0	1095	1095	
29.5	29.75	1	2	1	3	250	273750	250	273750	0.00471429	0	0.00471429	0.00471429	1095	0	1095	1095	
29.75	30	1	1	2	3	250	273750	250	273750	0.00471429	0	0.00471429	0.00471429	1095	0	1095	1095	
29.75	30	1	2	1	3	250	273750	250	273750	0.00471429	0	0.00471429	0.00471429	1095	0	1095	1095	
30	30.25	1	1	2	3	250	273750	250	273750	0.00471429	0	0.00471429	0.00471429	1095	0	1095	1095	
30	30.25	1	2	1	3	250	273750	250	273750	0.00471429	0	0.00471429	0.00471429	1095	0	1095	1095	
30.25	30.5	1	1	2	3	250	273750	250	273750	0.00471429	0	0.00471429	0.00471429	1095	0	1095	1095	
30.25	30.5	1	2	1	3	250	273750	250	273750	0.00471429	0	0.00471429	0.00471429	1095	0	1095	1095	
30.5	30.75	1	1	2	3	250	273750	250	273750	0.00471429	0	0.00471429	0.00471429	1095	0	1095	1095	
30.5	30.75	1	2	1	3	250	273750	250	273750	0.00471429	0	0.00471429	0.00471429	1095	0	1095	1095	
30.75	31	1	1	2	3	250	273750	250	273750	0.00471429	0	0.00471429	0.00471429	1095	0	1095	1095	
30.75	31	1	2	1	3	250	273750	250	273750	0.00471429	0	0.00471429	0.00471429	1095	0	1095	1095	
31	31.25	1	1	2	3	250	273750	250	273750	0.00471429	0	0.00471429	0.00471429	1095	0	1095	1095	
31	31.25	1	2	1	3	250	273750	250	273750	0.00471429	0	0.00471429	0.00471429	1095	0	1095	1095	
31.25	31.5	1	1	2	3	250	273750	250	273750	0.00471429	0	0.00471429	0.00471429	1095	0	1095	1095	
31.25	31.5	1	2	1	3	250	273750	250	273750	0.00471429	0	0.00471429	0.00471429	1095	0	1095	1095	
31.5	31.75	1	1	2	3	250	273750	250	273750	0.00471429	0	0.00471429	0.00471429	1095	0	1095	1095	
31.5	31.75	1	2	1	3	250	273750	250	273750	0.00471429	0	0.00471429	0.00471429	1095	0	1095	1095	
31.75	32	1	1	2	3	250	273750	250	273750	0.00471429	0	0.00471429	0.00471429	1095	0	1095	1095	
31.75	32	1	2	1	3	250	273750	250	273750	0.00471429	0	0.00471429	0.00471429	1095	0	1095	1095	
32	32.25	1	1	2	3	250	273750	250	273750	0.00471429	0	0.00471429	0.00471429	1095	0	1095	1095	
32	32.25	1	2	1	3	250	273750	250	273750	0.00471429	0	0.00471429	0.00471429	1095	0	1095	1095	
32.25	32.5	1	1	2	3	250	273750	250	273750	0.00471429	0	0.00471429	0.00471429	1095	0	1095	1095	
32.25	32.5	1	2	1	3	250	273750	250	273750	0.00471429	0	0.00471429	0.00471429	1095	0	1095	1095	
32.5	32.75	1	1	2	3	250	273750	250	273750	0.00471429	0	0.00471429	0.00471429	1095	0	1095	1095	
32.5	32.75	1	2	1	3	250	273750	250	273750	0.00471429	0	0.00471429	0.00471429	1095	0	1095	1095	
32.75	33	1	1	2	3	250	273750	250	273750	0.00471429	0	0.00471429	0.00471429	1095	0	1095	1095	
32.75	33	1	2	1	3	250	273750	250	273750	0.00471429	0	0.00471429	0.00471429	1095	0	1095	1095	
33	33.25	1	1	2	3	250	273750	250	273750	0.00471429	0	0.00471429	0.00471429	1095	0	1095	1095	
33	33.25	1	2	1	3	250	273750	250	273750	0.00471429	0	0.00471429	0.00471429	1095	0	1095	1095	
33.25	33.5	1	1	2	3	250	273750	250	273750	0.00471429	0	0.00471429	0.00471429	1095	0	1095	1095	
33.25	33.5	1	2	1	3	250	273750	250	273750	0.00471429	0	0.00471429	0.00471429	1095	0	1095	1095	
33.5	33.75	1	1	2	3	250	273750	250	273750	0.00471429	0	0.00471429	0.00471429	1095	0	1095	1095	
33.5	33.75	1	2	1	3	250	273750	250	273750	0.00471429	0	0.00471429	0.00471429	1095	0	1095	1095	
33.75	34	1	1	2	3	250	273750	250	273750	0.00471429	0	0.00471429	0.00471429	1095	0	1095	1095	
33.75	34	1	2	1	3	250	273750	250	273750	0.00471429	0	0.00471429	0.00471429	1095	0	1095	1095	
34	34.25	1	1	2	3	250	273750	250	273750	0.00471429	0	0.00471429	0.00471429	1095	0	1095	1095	
34	34.25	1	2	1	3	250	273750	250	273750	0.00471429	0	0.00471429	0.00471429	1095	0	1095	1095	
34.25	34.5	1	1	2	3	250	273750	250	273750	0.00471429	0	0.00471429	0.00471429	1095	0	1095	1095	
34.25	34.5	1	2	1	3	250	273750	250	273750	0.00471429	0	0.00471429	0.00471429	1095	0	1095	1095	
34.5	34.75	1	1	2	3	250	273750	250	273750	0.00471429	0	0.00471429	0.00471429	1095	0	1095	1095	
34.5	34.75	1	2	1	3	250	273750	250	273750	0.00471429	0	0.00471429	0.00471429	1095	0	1095	1095	
34.75	35	1	1	2	3	250	273750	250	273750	0.00471429	0	0.00471429	0.00471429	1095	0	1095	1095	
34.75	35	1	2	1	3	250	273750	250	273750	0.00471429	0	0.00471429	0.00471429	1095	0	1095	1095	
35	35.25	1	1	2	3	250	273750	250	273750	0.00471429	0	0.00471429	0.00471429	1095	0	1095	1095	
35	35.25	1	2	1	3	250	273750	250	273750	0.00471429	0	0.00471429	0.00471429	1095	0	1095	1095	
35.25	35.5	1	1	2	3	250	273750	250	273750	0.00471429	0	0.00471429	0.00471429	1095	0	1095	1095	
35.25	35.5	1	2	1	3	250	273750	250	273750	0.00471429	0	0.00471429	0.00471429	1095	0	1095	1095	
35.5	35.75	1	1	2	3	250	273750	250	273750	0.00471429	0	0.00471429	0.00471429	1095	0	1095	1095	
35.5	35.75	1	2	1	3	250	273750	250	273750	0.00471429	0	0.00471429	0.00471429	1095	0	1095	1095	
35.75	36	1	1	2	3	250	273750	250	273750	0.00471429	0	0.00471429	0.00471429	1095	0	1095	1095	
35.75	36	1	2	1	3	250	273750	250	273750	0.00471429	0	0.00471429	0.00471429	1095	0	1095	1095	
36	36.25	1	1	2	3	250	273750	250	273750	0.00471429	0	0.00471429	0.00471429	1095	0	1095	1095	
36	36.25	1	2	1	3	250	273750	250	273750	0.00471429	0	0.00471429	0.00471429	1095	0	1095	1095	
36.25	36.5	1	1	2	3	250	273750	250	273750	0.00471429	0	0.00471429	0.00471429	1095	0	1095	1095	
36.25	36.5	1	2	1	3	250	273750	250	273750	0.00471429	0	0.00471429	0.00471429	1095	0	1095	1095	
36.5	36.75	1	1	2	3	250	273750	250	273750	0.00471429	0	0.00471429	0.00471429	1095	0	1095	1095	
36.5	36.75	1	2	1	3	250	273750	250	273750	0.00471429	0	0.00471429	0.00471429	1095	0	1095	1095	
36.75	37	1	1	2	3	250	273750	250	273750	0.00471429	0	0.00471429	0.00471429	1095	0	1095	1095	
36.75	37	1	2	1	3	250	273750	250	273750	0.00471429	0	0.00471429	0.00471429	1095	0	1095	1095	
37	37.25	1	1	2	3	250	273750	250	273750	0.00471429	0	0.00471429	0.00471429	1095	0	1095	1095	
37	37.25	1	2	1	3	250	273750	250	273750	0.00471429	0	0.00471429	0.00471429	1095	0	1095	1095	
37.25	37.5	1	1	2	3	250	273750	250	273750	0.00471429	0	0.00471429	0.00471429	1095	0	1095	1095	
37.25	37.5	1	2	1	3	250	273750	250	273750	0.00471429	0	0.00471429	0.00471429	1095	0	1095	1095	
37.5	37.75	1	1	2	3	250	273750	250	273750	0.00471429	0	0.00471429	0.00471429	1095	0	1095	1095	
37.5	37.75	1	2	1	3	250	273750	250	273750	0.00471429	0	0.00471429	0.00471429	1095	0	1095	1095	
37.75	38	1	1	2	3	250	273750	250	273750	0.00471429	0	0.00471429	0.00471429	1095	0	1095	1095	
37.75	38	1	2	1	3	250	273750	250	273750	0.00471429	0	0.00471429	0.00471429	1095	0	1095	1095	
38	38.25	1	1	2	3	250	273750	250	273750	0.00471429	0	0.00471429	0.00471429	1095	0	1095	1095	
38	38.25	1	2	1	3	250	273750	250	273750	0.00471429	0	0.00471429	0.00471429	1095	0	1095	1095	
38.25	38.5	1	1	2	3	250	273750	250	273750	0.00471429	0	0.00471429	0.00471429	1095	0	1095	1095	
38.25	38.5	1	2	1	3	250	273750	250	273750	0.00471429	0	0.00471429	0.00471429	1095	0	1095	1095	
38.5	38.75	1	1	2	3	250	273750	250	273750	0.00471429	0	0.00471429	0.00471429	1095	0	1095	1095	
38.5	38.75	1	2	1	3	250	273750	250	273750	0.00471429	0	0.00471429	0.00471429	1095	0	1095	1095	
38.75	39	1	1	2	3	250	273750	250	273750	0.00471429	0	0.00471429	0.00471429	1095	0	1095	1095	
38.75	39	1	2	1	3	250	273750	250	273750	0.00471429	0	0.00471429	0.00471429	1095	0	1095	1095	
39	39.25	1	1	2	3	250	273750	250	273750	0.00471429	0	0.00471429	0.00471429	1095	0	1095	1095	
39	39.25	1	2	1	3	250	273750	250	273750	0.00471429	0	0.00471429	0.00471429	1095	0	1095	1095	
39.25	39.5	1	1	2	3	250	273750	250	273750	0.00471429	0	0.00471429	0.00471429	1095	0	1095	1095	
39.25	39.5	1	2	1	3	250	273750	250	273750	0.00471429	0	0.00471429	0.00471429	1095	0	1095	1095	
39.5	39.75	1	1	2	3	250	273750	250	273750	0.00471429	0	0.00471429	0.00471429	1095	0	1095	1095	
39.5	39.75	1	2	1	3	250	273750	250	273750	0.00471429	0	0.00471429	0.00471429	1095	0	1095	1095	
39.75	40	1	1	2	3	250	273750	250	273750	0.00471429	0	0.00471429	0.00471429	1095	0	1095	1095	
39.75	40	1	2	1	3	250	273750	250	273750	0.00471429	0	0.00471429	0.00471429	1095	0	1095	1095	
40	40.25	1	1	2	3	250	273750	250	273750	0.00471429	0	0.00471429	0.00471429	1095	0	1095	1095	
40	40.25	1	2	1	3	250	273750	250	273750	0.00471429	0	0.00471429	0.00471429	1095	0	1095	1095	
40.25	40.5	1	1	2	3	250	273750	250	273750	0.00471429	0	0.00471429	0.00471429	1095	0	1095	1095	
40.25	40.5	1	2	1	3	250	273750	250	273750	0.00471429	0	0.00471429	0.00471429	1095	0	1095	1095	
40.5	40.75	1	1	2	3	250	273750	250	273750	0.00471429	0	0.00471429	0.00471429	1095	0	1095	1095	
40.5	40.75	1	2	1	3	250	273750	250	273750	0.00471429	0	0.00471429	0.00471429	1095	0	1095	1095	
40.75	41	1	1	2	3	250	273750	250	273750	0.00471429	0	0.00471429	0.00471429	1095	0	1095	1095	
40.75	41	1	2	1	3	250	273750	250	273750	0.00471429	0	0.00471429	0.00471429	1095	0	1095	1095	
41	41.25	1	1	2	3	250	273750	250	273750	0.00471429	0	0.00471429	0.00471429	1095	0	1095	1095	
41	41.25	1	2	1	3	250	273750	250	273750	0.00471429	0	0.00471429	0.00471429	1095	0	1095	1095	
41.25	41.5	1	1	2	3	250	273750	250	273750	0.00471429	0	0.00471429	0.00471429	1095	0	1095	1095	
41.25	41.5	1	2	1	3	250	273750	250	273750	0.00471429	0	0.00471429	0.00471429	1095	0	1095	1095	
41.5	41.75	1	1	2	3	250	273750	250	273750	0.00471429	0	0.00471429	0.00471429	1095	0	1095	1095	
41.5	41.75	1	2	1	3	250	273750	250	273750	0.00471429	0	0.00471429	0.00471429	1095	0	1095	1095	
41.75	42	1	1	2	3	250	273750	250	273750	0.00471429	0	0.00471429	0.00471429	1095	0	1095	1095	
41.75	42	1	2	1	3	250	273750	250	273750	0.00471429	0	0.00471429	0.00471429	1095	0	1095	1095	
42	42.25	1	1	2	3	250	273750	250	273750	0.00471429	0	0.00471429	0.00471429	1095	0	1095	1095	
42	42.25	1	2	1	3	250	273750	250	273750	0.00471429	0	0.00471429	0.00471429	1095	0	1095	1095	
42.25	42.5	1	1	2	3	250	273750	250	273750	0.00471429	0	0.00471429	0.00471429	1095	0	1095	1095	
42.25	42.5	1	2	1	3	250	273750	250	273750	0.00471429	0	0.00471429	0.00471429	1095	0	1095	1095	
42.5	42.75	1	1	2	3	250	273750	250	273750	0.00471429	0	0.00471429	0.00471429	1095	0	1095	1095	
42.5	42.75	1	2	1	3	250	273750	250	273750	0.00471429	0	0.00471429	0.00471429	1095	0	1095	1095	
42.75	43	1	1	2	3	250	273750	250	273750	0.00471429	0	0.00471429	0.00471429	1095	0	1095	1095	
42.75	43	1	2	1	3	250	273750	250	273750	0.00471429	0	0.00471429	0.00471429	1095	0	1095	1095	
43	43.25	1	1	2	3	250	273750	250	273750	0.00471429	0	0.00471429	0.00471429	1095	0	1095	1095	
43	43.25	1	2	1	3	250	273750	250	273750	0.00471429	0	0.00471429	0.00471429	1095	0	1095	1095	
43.25	43.5	1	1	2	3	250	273750	250	273750	0.00471429	0	0.00471429	0.00471429	1095	0	1095	1095	
43.25	43.5	1	2	1	3	250	273750	250	273750	0.00471429	0	0.00471429	0.00471429	1095	0	1095	1095	
43.5	43.75	1	1	2	3	250	273750	250	273750	0.00471429	0	0.00471429	0.00471429	1095	0	1095	1095	
43.5	43.75	1	2	1	3	250	273750	250	273750	0.00471429	0	0.00471429	0.00471429	1095	0	1095	1095	
43.75	44	1	1	2	3	250	273750	250	273750	0.00471429	0	0.00471429	0.00471429	1095	0	1095	1095	
43.75	44	1	2	1	3	250	273750	250	273750	0.00471429	0	0.00471429	0.00471429	1095	0	1095	1095	
44	44.25	1	1	2	3	250	273750	250	273750	0.00471429	0	0.00471429	0.00471429	1095	0	1095	1095	
44	44.25	1	2	1	3	250	273750	250	273750	0.00471429	0	0.00471429	0.00471429	1095	0	1095	1095	
44.25	44.5	1	1	2	3	250	273750	250	273750	0.00471429	0	0.00471429	0.00471429	1095	0	1095	1095	
44.25	44.5	1	2	1	3	250	273750	250	273750	0.00471429	0	0.00471429	0.00471429	1095	0	1095	1095	
44.5	44.75	1	1	2	3	250	273750	250	273750	0.00471429	0	0.00471429	0.00471429	1095	0	1095	1095	
44.5	44.75	1	2	1	3	250	273750	250	273750	0.00471429	0	0.00471429	0.00471429	1095	0	1095	1095	
44.75	45	1	1	2	3	250	273750	250	273750	0.00471429	0	0.00471429	0.00471429	1095	0	1095	1095	
44.75	45	1	2	1	3	250	273750	250	273750	0.00471429	0	0.00471429	0.00471429	1095	0	1095	1095	
45	45.25	1	1	2	3	250	273750	250	273750	0.00471429	0	0.00471429	0.00471429	1095	0	1095	1095	
45	45.25	1	2	1	3	250	273750	250	273750	0.00471429	0	0.00471429	0.00471429	1095	0	1095	1095	
45.25	45.5	1	1	2	3	250	273750	250	273750	0.00471429	0	0.00471429	0.00471429	1095	0	1095	1095	
45.25	45.5	1	2	1	3	250	273750	250	273750	0.00471429	0	0.00471429	0.00471429	1095	0	1095	1095	
45.5	45.75	1	1	2	3	250	273750	250	273750	0.00471429	0	0.00471429	0.00471429	1095	0	1095	1095	
45.5	45.75	1	2	1	3	250	273750	250	273750	0.00471429	0	0.00471429	0.00471429	1095	0	1095	1095	
45.75	46	1	1	2	3	250	273750	250	273750	0.00471429	0	0.00471429	0.00471429	1095	0	1095	1095	
45.75	46	1	2	1	3	250	273750	250	273750	0.00471429	0	0.00471429	0.00471429	1095	0	1095	1095	
46	46.25	1	1	2	3	250	273750	250	273750	0.00471429	0	0.00471429	0.00471429	1095	0	1095	1095	
46	46.25	1	2	1	3	250	273750	250	273750	0.00471429	0	0.00471429	0.00471429	1095	0	1095	1095	
46.25	46.5	1	1	2	3	250	273750	250	273750	0.00471429	0	0.00471429	0.00471429	1095	0	1095	1095	
46.25	46.5	1	2	1	3	250	273750	250	273750	0.00471429	0	0.00471429	0.00471429	1095	0	1095	1095	
46.5	46.75	1	1	2	3	250	273750	250	273750	0.00471429	0	0.00471429	0.00471429	1095	0	1095	1095	
46.5	46.75	1	2	1	3	250	273750	250	273750	0.00471429	0	0.00471429	0.00471429	1095	0	1095	1095	
46.75	47	1	1	2	3	250	273750	250	273750	0.00471429	0	0.00471429	0.00471429	1095	0	1095	1095	
46.75	47	1	2	1	3	250	273750	250	273750	0.00471429	0	0.00471429	0.00471429	1095	0	1095	1095	
47	47.25	1	1	2	3	250	273750	250	273750	0.00471429	0	0.00471429	0.00471429	1095	0	1095	1095	
47	47.25	1	2	1	3	250	273750	250	273750	0.00471429	0	0.00471429	0.00471429	1095	0	1095	1095	
47.25	47.5	1	1	2	3	250	273750	250	273750	0.00471429	0	0.00471429	0.00471429	1095	0	1095	1095	
47.25	47.5	1	2	1	3	250	273750	250	273750	0.00471429	0	0.00471429	0.00471429	1095	0	1095	1095	
47.5	47.75	1	1	2	3	250	273750	250	273750	0.00471429	0	0.00471429	0.00471429	1095	0	1095	1095	
47.5	47.75	1	2	1	3	250	273750	250	273750	0.00471429	0	0.00471429	0.00471429	1095	0	1095	1095	
47.75	48	1	1	2	3	250	273750	250	273750	0.00471429	0	0.00471429	0.00471429	1095	0	1095	1095	
47.75	48	1	2	1	3	250	273750	250	273750	0.00471429	0	0.00471429	0.00471429	1095	0	1095	1095	
48	48.25	1	1	2	3	250	273750	250	273750	0.00471429	0	0.00471429	0.00471429	1095	0	1095	1095	
48	48.25	1	2	1	3	250	273750	250	273750	0.00471429	0	0.00471429	0.00471429	1095	0	1095	1095	
48.25	48.5	1	1	2	3	250	273750	250	273750	0.00471429	0	0.00471429	0.00471429	1095	0	1095	1095	
48.25	48.5	1	2	1	3	250	273750	250	273750	0.00471429	0	0.00471429	0.00471429	1095	0	1095	1095	
48.5	48.75	1	1	2	3	250	273750	250	273750	0.00471429	0	0.00471429	0.00471429	1095	0	1095	1095	
48.5	48.75	1	2	1	3	250	273750	250	273750	0.00471429	0	0.00471429	0.00471429	1095	0	1095	1095	
48.75	49	1	1	2	3	250	273750	250	273750	0.00471429	0	0.00471429	0.00471429	1095	0	1095	1095	
48.75	49	1	2	1	3	250	273750	250	273750	0.00471429	0	0.00471429	0.00471429	1095	0	1095	1095	
49	49.25	1	1	2	3	250	273750	250	273750	0.00471429	0	0.00471429	0.00471429	1095	0	1095	1095	
49	49.25	1	2	1	3	250	273750	250	273750	0.00471429	0	0.00471429	0.00471429	1095	0	1095	1095	
49.25	49.5	1	1	2	3	250	273750	250	273750	0.00471429	0	0.00471429	0.00471429	1095	0	1095	1095	
49.25	49.5	1	2	1	3	250	273750	250	273750	0.00471429	0	0.00471429	0.00471429	1095	0	1095	1095	
49.5	49.75	1	1	2	3	250	273750	250	273750	0.00471429	0	0.00471429	0.00471429	1095	0	1095	1095	
49.5	49.75	1	2	1	3	250	273750	250	273750	0.00471429	0	0.00471429	0.00471429	1095	0	1095	1095	
49.75	50	1	1	2	3	250	273750	250	273750	0.00471429	0	0.00471429	0.00471429	1095	0	1095	1095	
49.75	50	1	2	1	3	250	273750	250	273750	0.00471429	0	0.00471429	0.00471429	1095	0	1095	1095	
50	50.25	1	1	2	3	250	273750	250	273750	0.00471429	0	0.00471429	0.00471429	1095	0	1095	1095	
50	50.25	1	2	1	3	250	273750	250	273750	0.00471429	0	0.00471429	0.00471429	1095	0	1095	1095	
50.25	50.5	1	1	2	3	250	273750	250	273750	0.00471429	0	0.00471429	0.00471429	1095	0	1095	1095	
50.25	50.5	1	2	1	3	250	273750	250	273750	0.00471429	0	0.00471429	0.00471429	1095	0	1095	1095	
50.5	50.75	1	1	2	3	250	273750	250	273750	0.00471429	0	0.00471429	0.00471429	1095	0	1095	1095	
50.5	50.75	1	2	1	3	250	273750	250	273750	0.00471429	0	0.00471429	0.00471429	1095	0	1095	1095	
50.75	51	1	1	2	3	250	273750	250	273750	0.00471429	0	0.00471429	0.00471429	1095	0	1095	1095	
50.75	51	1	2	1	3	250	273750	250	273750	0.00471429	0	0.00471429	0.00471429	1095	0	1095	1095	
51	51.25	1	1	2	3	250	273750	250	273750	0.00471429	0	0.00471429	0.00471429	1095	0	1095	1095	
51	51.25	1	2	1	3	250	273750	250	273750	0.00471429	0	0.00471429	0.00471429	1095	0	1095	1095	
51.25	51.5	1	1	2	3	250	273750	250	273750	0.00471429	0	0.00471429	0.00471429	1095	0	1095	1095	
51.25	51.5	1	2	1	3	250	273750	250	273750	0.00471429	0	0.00471429	0.00471429	1095	0	1095	1095	
51.5	51.75	1	1	2	3	250	273750	250	273750	0.00471429	0	0.00471429	0.00471429	1095	0	1095	1095	
51.5	51.75	1	2	1	3	250	273750	250	273750	0.00471429	0	0.00471429	0.00471429	1095	0	1095	1095	
51.75	52	1	1	2	3	250	273750	250	273750	0.00471429	0	0.00471429	0.00471429	1095	0	1095	1095	
51.75	52	1	2	1	3	250	273750	250	273750	0.00471429	0	0.00471429	0.00471429	1095	0	1095	1095	
52	52.25	1	1	2	3	250	273750	250	273750	0.00471429	0	0.00471429	0.00471429	1095	0	1095	1095	
52	52.25	1	2	1	3	250	273750	250	273750	0.00471429	0	0.00471429	0.00471429	1095	0	1095	1095	
52.25	52.5	1	1	2	3	250	273750	250	273750	0.00471429	0	0.00471429	0.00471429	1095	0	1095	1095	
52.25	52.5	1	2	1	3	250	273750	250	273750	0.00471429	0	0.00471429	0.00471429	1095	0	1095	1095	
52.5	52.75	1	1	2	3	250	273750	250	273750	0.00471429	0	0.00471429	0.00471429	1095	0	1095	1095	
52.5	52.75	1	2	1	3	250	273750	250	273750	0.00471429	0	0.00471429	0.00471429	1095	0	1095	1095	
52.75	53	1	1	2	3	250	273750	250	273750	0.00471429	0	0.00471429	0.00471429	1095	0	1095	1095	
52.75	53	1	2	1	3	250	273750	250	273750	0.00471429	0	0.00471429	0.00471429	1095	0	1095	1095	
53	53.25	1	1	2	3	250	273750	250	273750	0.00471429	0	0.00471429	0.00471429	1095	0	1095	1095	
53	53.25	1	2	1	3	250	273750	250	273750	0.00471429	0	0.00471429	0.00471429	1095	0	1095	1095	
53.25	53.5	1	1	2	3	250	273750	250	273750	0.00471429	0	0.00471429	0.00471429	1095	0	1095	1095	
53.25	53.5	1	2	1	3	250	273750	250	273750	0.00471429	0	0.00471429	0.00471429	1095	0	1095	1095	
53.5	53.75	1	1	2	3	250	273750	250	273750	0.00471429	0	0.00471429	0.00471429	1095	0	1095	1095	
53.5	53.75	1	2	1	3	250	273750	250	273750	0.00471429	0	0.00471429	0.00471429	1095	0	1095	1095	
53.75	54	1	1	2	3	250	273750	250	273750	0.00471429	0	0.00471429	0.00471429	1095	0	1095	1095	
53.75	54	1	2	1	3	250	273750	250	273750	0.00471429	0	0.00471429	0.00471429	1095	0	1095	1095	
54	54.25	1	1	2	3	250	273750	250	273750	0.00471429	0	0.00471429	0.00471429	1095	0	1095	1095	
54	54.25	1	2	1	3	250	273750	250	273750	0.00471429	0	0.00471429	0.00471429	1095	0	1095	1095	
54.25	54.5	1	1	2	3	250	273750	250	273750	0.00471429	0	0.00471429	0.00471429	1095	0	1095	1095	
54.25	54.5	1	2	1	3	250	273750	250	273750	0.00471429	0	0.00471429	0.00471429	1095	0	1095	1095	
54.5	54.75	1	1	2	3	250	273750	250	273750	0.00471429	0	0.00471429	0.00471429	1095	0	1095	1095	
54.5	54.75	1	2	1	3	250	273750	250	273750	0.00471429	0	0.00471429	0.00471429	1095	0	1095	1095	
54.75	55	1	1	2	3	250	273750	250	273750	0.00471429	0	0.00471429	0.00471429	1095	0	1095	1095	
54.75	55	1	2	1	3	250	273750	250	273750	0.00471429	0	0.00471429	0.00471429	1095	0	1095	1095	
55	55.25	1	1	2	3	250	273750	250	273750	0.00471429	0	0.00471429	0.00471429	1095	0	1095	1095	
55	55.25	1	2	1	3	250	273750	250	273750	0.00471429	0	0.00471429	0.00471429	1095	0	1095	1095	
55.25	55.5	1	1	2	3	250	273750	250	273750	0.00471429	0	0.00471429	0.00471429	1095	0	1095	1095	
55.25	55.5	1	2	1	3	250	273750	250	273750	0.00471429	0	0.00471429	0.00471429	1095	0	1095	1095	
55.5	55.75	1	1	2	3	250	273750	250	273750	0.00471429	0	0.00471429	0.00471429	1095	0	1095	1095	
55.5	55.75	1	2	1	3	250	273750	250	273750	0.00471429	0	0.00471429	0.00471429	1095	0	1095	1095	
55.75	56	1	1	2	3	250	273750	250	273750	0.00471429	0	0.00471429	0.00471429	1095	0	1095	1095	
55.75	56	1	2	1	3	250	273750	250	273750	0.00471429	0	0.00471429	0.00471429	1095	0	1095	1095	
56	56.25	1	1	2	3	250	273750	250	273750	0.00471429	0	0.00471429	0.00471429	1095	0	1095	1095	
56	56.25	1	2	1	3	250	273750	250	273750	0.00471429	0	0.00471429	0.00471429	1095	0	1095	1095	
56.25	56.5	1	1	2	3	250	273750	250	273750	0.00471429	0	0.00471429	0.00471429	1095	0	1095	1095	
56.25	56.5	1	2	1	3	250	273750	250	273750	0.00471429	0	0.00471429	0.00471429	1095	0	1095	1095	
56.5	56.75	1	1	2	3	250	273750	250	273750	0.00471429	0	0.00471429	0.00471429	1095	0	1095	1095	
56.5	56.75	1	2	1	3	250	273750	250	273750	0.00471429	0	0.00471429	0.00471429	1095	0	1095	1095	
56.75	57	1	1	2	3	250	273750	250	273750	0.00471429	0	0.00471429	0.00471429	1095	0	1095	1095	
56.75	57	1	2	1	3	250	273750	250	273750	0.00471429	0	0.00471429	0.00471429	1095	0	1095	1095	
57	57.25	1	1	2	3	250	273750	250	273750	0.00471429	0	0.00471429	0.00471429	1095	0	1095	1095	
57	57.25	1	2	1	3	250	273750	250	273750	0.00471429	0	0.00471429	0.00471429	1095	0	1095	1095	
57.25	57.5	1	1	2	3	250	273750	250	273750	0.00471429	0	0.00471429	0.00471429	1095	0	1095	1095	
57.25	57.5	1	2	1	3	250	273750	250	273750	0.00471429	0	0.00471429	0.00471429	1095	0	1095	1095	
57.5	57.75	1	1	2	3	250	273750	250	273750	0.00471429	0	0.00471429	0.00471429	1095	0	1095	1095	
57.5	57.75	1	2	1	3	250	273750	250	273750	0.00471429	0	0.00471429	0.00471429	1095	0	1095	1095	
57.75	58	1	1	2	3	250	273750	250	273750	0.00471429	0	0.00471429	0.00471429	1095	0	1095	1095	
57.75	58	1	2	1	3	250	273750	250	273750	0.00471429	0	0.00471429	0.00471429	1095	0	1095	1095	
58	58.25	1	1	2	3	250	273750	250	273750	0.00471429	0	0.00471429	0.00471429	1095	0	1095	1095	
58	58.25	1	2	1	3	250	273750	250	273750	0.00471429	0	0.00471429	0.00471429	1095	0	1095	1095	
58.25	58.5	1	1	2	3	250	273750	250	273750	0.00471429	0	0.00471429	0.00471429	1095	0	1095	1095	
58.25	58.5	1	2	1	3	250	273750	250	273750	0.00471429	0	0.00471429	0.00471429	1095	0	1095	1095	
58.5	58.75	1	1	2	3	250	273750	250	273750	0.00471429	0	0.00471429	0.00471429	1095	0	1095	1095	
58.5	58.75	1	2	1	3	250	273750	250	273750	0.00471429	0	0.00471429	0.00471429	1095	0	1095	1095	
58.75	59	1	1	2	3	250	273750	250	273750	0.00471429	0	0.00471429	0.00471429	1095	0	1095	1095	
58.75	59	1	2	1	3	250	273750	250	273750	0.00471429	0	0.00471429	0.00471429	1095	0	1095	1095	
59	59.25	1	1	2	3	250	273750	250	273750	0.00471429	0	0.00471429	0.00471429	1095	0	1095	1095	
59	59.25	1	2	1	3	250	273750	250	273750	0.00471429	0	0.00471429	0.00471429	1095	0	1095	1095	
59.25	59.5	1	1	2	3	250	273750	250	273750	0.00471429	0	0.00471429	0.00471429	1095	0	1095	1095	
59.25	59.5	1	2	1	3	250	273750	250	273750	0.00471429	0	0.00471429	0.00471429	1095	0	1095	1095	
59.5	59.75	1	1	2	3	250	273750	250	273750	0.00471429	0	0.00471429	0.00471429	1095	0	1095	1095	
59.5	59.75	1	2	1	3	250	273750	250	273750	0.00471429	0	0.00471429	0.00471429	1095	0	1095	1095	
59.75	60	1	1	2	3	250	273750	250	273750	0.00471429	0	0.00471429	0.00471429	1095	0	1095	1095	
59.75	60	1	2	1	3	250	273750	250	273750	0.00471429	0	0.00471429	0.00471429	1095	0	1095	1095	
60	60.25	1	1	2	3	250	273750	250	273750	0.00471429	0	0.00471429	0.00471429	1095	0	1095	1095	
60	60.25	1	2	1	3	250	273750	250	273750	0.00471429	0	0.00471429	0.00471429	1095	0	1095	1095	
60.25	60.5	1	1	2	3	250	273750	250	273750	0.00471429	0	0.00471429	0.00471429	1095	0	1095	1095	
60.25	60.5	1	2	1	3	250	273750	250	273750	0.00471429	0	0.00471429	0.00471429	1095	0	1095	1095	
60.5	60.75	1	1	2	3	250	273750	250	273750	0.00471429	0	0.00471429	0.00471429	1095	0	1095	1095	
60.5	60.75	1	2	1	3	250	273750	250	273750	0.00471429	0	0.00471429	0.00471429	1095	0	1095	1095	
60.75	61	1	1	2	3	250	273750	250	273750	0.00471429	0	0.00471429	0.00471429	1095	0	1095	1095	
60.75	61	1	2	1	3	250	273750	250	273750	0.00471429	0	0.00471429	0.00471429	1095	0	1095	1095	
61	61.25	1	1	2	3	250	273750	250	273750	0.00471429	0	0.00471429	0.00471429	1095	0	1095	1095	
61	61.25	1	2	1	3	250	273750	250	273750	0.00471429	0	0.00471429	0.00471429	1095	0	1095	1095	
61.25	61.5	1	1	2	3	250	273750	250	273750	0.00471429	0	0.00471429	0.00471429	1095	0	1095	1095	
61.25	61.5	1	2	1	3	250	273750	250	273750	0.00471429	0	0.00471429	0.00471429	1095	0	1095	1095	
61.5	61.75	1	1	2	3	250	273750	250	273750	0.00471429	0	0.00471429	0.00471429	1095	0	1095	1095	
61.5	61.75	1	2	1	3	250	273750	250	273750	0.00471429	0	0.00471429	0.00471429	1095	0	1095	1095	
61.75	62	1	1	2	3	250	273750	250	273750	0.00471429	0	0.00471429	0.00471429	1095	0	1095	1095	
61.75	62	1	2	1	3	250	273750	250	273750	0.00471429	0	0.00471429	0.00471429	1095	0	1095	1095	
62	62.25	1	1	2	3	250	273750	250	273750	0.00471429	0	0.00471429	0.00471429	1095	0	1095	1095	
62	62.25	1	2	1	3	250	273750	250	273750	0.00471429	0	0.00471429	0.00471429	1095	0	1095	1095	
62.25	62.5	1	1	2	3	250	273750	250	273750	0.00471429	0	0.00471429	0.00471429	1095	0	1095	1095	
62.25	62.5	1	2	1	3	250	273750	250	273750	0.00471429	0	0.00471429	0.00471429	1095	0	1095	1095	
62.5	62.75	1	1	2	3	250	273750	250	273750	0.00471429	0	0.00471429	0.00471429	1095	0	1095	1095	
62.5	62.75	1	2	1	3	250	273750	250	273750	0.00471429	0	0.00471429	0.00471429	1095	0	1095	1095	
62.75	63	1	1	2	3	250	273750	250	273750	0.00471429	0	0.00471429	0.00471429	1095	0	1095	1095	
62.75	63	1	2	1	3	250	273750	250	273750	0.00471429	0	0.00471429	0.00471429	1095	0	1095	1095	
63	63.25	1	1	2	3	250	273750	250	273750	0.00471429	0	0.00471429	0.00471429	1095	0	1095	1095	
63	63.25	1	2	1	3	250	273750	250	273750	0.00471429	0	0.00471429	0.00471429	1095	0	1095	1095	
63.25	63.5	1	1	2	3	250	273750	250	273750	0.00471429	0	0.00471429	0.00471429	1095	0	1095	1095	
63.25	63.5	1	2	1	3	250	273750	250	273750	0.00471429	0	0.00471429	0.00471429	1095	0	1095	1095	
63.5	63.75	1	1	2	3	250	273750	250	273750	0.00471429	0	0.00471429	0.00471429	1095	0	1095	1095	
63.5	63.75	1	2	1	3	250	273750	250	273750	0.00471429	0	0.00471429	0.00471429	1095	0	1095	1095	
63.75	64	1	1	2	3	250	273750	250	273750	0.00471429	0	0.00471429	0.00471429	1095	0	1095	1095	
63.75	64	1	2	1	3	250	273750	250	273750	0.00471429	0	0.00471429	0.00471429	1095	0	1095	1095	
64	64.25	1	1	2	3	250	273750	250	273750	0.00471429	0	0.00471429	0.00471429	1095	0	1095	1095	
64	64.25	1	2	1	3	250	273750	250	273750	0.00471429	0	0.00471429	0.00471429	1095	0	1095	1095	
64.25	64.5	1	1	2	3	250	273750	250	273750	0.00471429	0	0.00471429	0.00471429	1095	0	1095	1095	
64.25	64.5	1	2	1	3	250	273750	250	273750	0.00471429	0	0.00471429	0.00471429	1095	0	1095	1095	
64.5	64.75	1	1	2	3	250	273750	250	273750	0.00471429	0	0.00471429	0.00471429	1095	0	1095	1095	
64.5	64.75	1	2	1	3	250	273750	250	273750	0.00471429	0	0.00471429	0.00471429	1095	0	1095	1095	
64.75	65	1	1	2	3	250	273750	250	273750	0.00471429	0	0.00471429	0.00471429	1095	0	1095	1095	
64.75	65	1	2	1	3	250	273750	250	273750	0.00471429	0	0.00471429	0.00471429	1095	0	1095	1095	
65	65.25	1	1	2	3	250	273750	250	273750	0.00471429	0	0.00471429	0.00471429	1095	0	1095	1095	
65	65.25	1	2	1	3	250	273750	250	273750	0.00471429	0	0.00471429	0.00471429	1095	0	1095	1095	
65.25	65.5	1	1	2	3	250	273750	250	273750	0.00471429	0	0.00471429	0.00471429	1095	0	1095	1095	
65.25	65.5	1	2	1	3	250	273750	250	273750	0.00471429	0	0.00471429	0.00471429	1095	0	1095	1095	
65.5	65.75	1	1	2	3	250	273750	250	273750	0.00471429	0	0.00471429	0.00471429	1095	0	1095	1095	
65.5	65.75	1	2	1	3	250	273750	250	273750	0.00471429	0	0.00471429	0.00471429	1095	0	1095	1095	
65.75	66	1	1	2	3	250	273750	250	273750	0.00471429	0	0.00471429	0.00471429	1095	0	1095	1095	
65.75	66	1	2	1	3	250	273750	250	273750	0.00471429	0	0.00471429	0.00471429	1095	0	1095	1095	
66	66.25	1	1	2	3	250	273750	250	273750	0.00471429	0	0.00471429	0.00471429	1095	0	1095	1095	
66	66.25	1	2	1	3	250	273750	250	273750	0.00471429	0	0.00471429	0.00471429	1095	0	1095	1095	
66.25	66.5	1	1	2	3	250	273750	250	273750	0.00471429	0	0.00471429	0.00471429	1095	0	1095	1095	
66.25	66.5	1	2	1	3	250	273750	250	273750	0.00471429	0	0.00471429	0.00471429	1095	0	1095	1095	
66.5	66.75	1	1	2	3	250	273750	250	273750	0.00471429	0	0.00471429	0.00471429	1095	0	1095	1095	
66.5	66.75	1	2	1	3	250	273750	250	273750	0.00471429	0	0.00471429	0.00471429	1095	0	1095	1095	
66.75	67	1	1	2	3	250	273750	250	273750	0.00471429	0	0.00471429	0.00471429	1095	0	1095	1095	
66.75	67	1	2	1	3	250	273750	250	273750	0.00471429	0	0.00471429	0.00471429	1095	0	1095	1095	
67	67.25	1	1	2	3	250	273750	250	273750	0.00471429	0	0.00471429	0.00471429	1095	0	1095	1095	
67	67.25	1	2	1	3	250	273750	250	273750	0.00471429	0	0.00471429	0.00471429	1095	0	1095	1095	
67.25	67.5	1	1	2	3	250	273750	250	273750	0.00471429	0	0.00471429	0.00471429	1095	0	1095	1095	
67.25	67.5	1	2	1	3	250	273750	250	273750	0.00471429	0	0.00471429	0.00471429	1095	0	1095	1095	
67.5	67.75	1	1	2	3	250	273750	250	273750	0.00471429	0	0.00471429	0.00471429	1095	0	1095	1095	
67.5	67.75	1	2	1	3	250	273750	250	273750	0.00471429	0	0.00471429	0.00471429	1095	0	1095	1095	
67.75	68	1	1	2	3	250	273750	250	273750	0.00471429	0	0.00471429	0.00471429	1095	0	1095	1095	
67.75	68	1	2	1	3	250	273750	250	273750	0.00471429	0	0.00471429	0.00471429	1095	0	1095	1095	
68	68.25	1	1	2	3	250	273750	250	273750	0.00471429	0	0.00471429	0.00471429	1095	0	1095	1095	
68	68.25	1	2	1	3	250	273750	250	273750	0.00471429	0	0.00471429	0.00471429	1095	0	1095	1095	
68.25	68.5	1	1	2	3	250	273750	250	273750	0.00471429	0	0.00471429	0.00471429	1095	0	1095	1095	
68.25	68.5	1	2	1	3	250	273750	250	273750	0.00471429	0	0.00471429	0.00471429	1095	0	1095	1095	
68.5	68.75	1	1	2	3	250	273750	250	273750	0.00471429	0	0.00471429	0.00471429	1095	0	1095	1095	
68.5	68.75	1	2	1	3	250	273750	250	273750	0.00471429	0	0.00471429	0.00471429	1095	0	1095	1095	
68.75	69	1	1	2	3	250	273750	250	273750	0.00471429	0	0.00471429	0.00471429	1095	0	1095	1095	
68.75	69	1	2	1	3	250	273750	250	273750	0.00471429	0	0.00471429	0.00471429	1095	0	1095	1095	
69	69.25	1	1	2	3	250	273750	250	273750	0.00471429	0	0.00471429	0.00471429	1095	0	1095	1095	
69	69.25	1	2	1	3	250	273750	250	273750	0.00471429	0	0.00471429	0.00471429	1095	0	1095	1095	
69.25	69.5	1	1	2	3	250	273750	250	273750	0.00471429	0	0.00471429	0.00471429	1095	0	1095	1095	
69.25	69.5	1	2	1	3	250	273750	250	273750	0.00471429	0	0.00471429	0.00471429	1095	0	1095	1095	
69.5	69.75	1	1	2	3	250	273750	250	273750	0.00471429	0	0.00471429	0.00471429	1095	0	1095	1095	
69.5	69.75	1	2	1	3	250	273750	250	273750	0.00471429	0	0.00471429	0.00471429	1095	0	1095	1095	
69.75	70	1	1	2	3	250	273750	250	273750	0.00471429	0	0.00471429	0.00471429	1095	0	1095	1095	
69.75	70	1	2	1	3	250	273750	250	273750	0.00471429	0	0.00471429	0.00471429	1095	0	1095	1095	
70	70.25	1	1	2	3	250	273750	250	273750	0.00471429	0	0.00471429	0.00471429	1095	0	1095	1095	
70	70.25	1	2	1	3	250	273750	250	273750	0.00471429	0	0.00471429	0.00471429	1095	0	1095	1095	
70.25	70.5	1	1	2	3	250	273750	250	273750	0.00471429	0	0.00471429	0.00471429	1095	0	1095	1095	
70.25	70.5	1	2	1	3	250	273750	250	273750	0.00471429	0	0.00471429	0.00471429	1095	0	1095	1095	
70.5	70.75	1	1	2	3	250	273750	250	273750	0.00471429	0	0.00471429	0.00471429	1095	0	1095	1095	
70.5	70.75	1	2	1	3	250	273750	250	273750	0.00471429	0	0.00471429	0.00471429	1095	0	1095	1095	
70.75	71	1	1	2	3	250	273750	250	273750	0.00471429	0	0.00471429	0.00471429	1095	0	1095	1095	
70.75	71	1	2	1	3	250	273750	250	273750	0.00471429	0	0.00471429	0.00471429	1095	0	1095	1095	
71	71.25	1	1	2	3	250	273750	250	273750	0.00471429	0	0.00471429	0.00471429	1095	0	1095	1095	
71	71.25	1	2	1	3	250	273750	250	273750	0.00471429	0	0.00471429	0.00471429	1095	0	1095	1095	
71.25	71.5	1	1	2	3	250	273750	250	273750	0.00471429	0	0.00471429	0.00471429	1095	0	1095	1095	
71.25	71.5	1	2	1	3	250	273750	250	273750	0.00471429	0	0.00471429	0.00471429	1095	0	1095	1095	
71.5	71.75	1	1	2	3	250	273750	250	273750	0.00471429	0	0.00471429	0.00471429	1095	0	1095	1095	
71.5	71.75	1	2	1	3	250	273750	250	273750	0.00471429	0	0.00471429	0.00471429	1095	0	1095	1095	
71.75	72	1	1	2	3	250	273750	250	273750	0.00471429	0	0.00471429	0.00471429	1095	0	1095	1095	
71.75	72	1	2	1	3	250	273750	250	273750	0.00471429	0	0.00471429	0.00471429	1095	0	1095	1095	
72	72.25	1	1	2	3	250	273750	250	273750	0.00471429	0	0.00471429	0.00471429	1095	0	1095	1095	
72	72.25	1	2	1	3	250	273750	250	273750	0.00471429	0	0.00471429	0.00471429	1095	0	1095	1095	
72.25	72.5	1	1	2	3	250	273750	250	273750	0.00471429	0	0.00471429	0.00471429	1095	0	1095	1095	
72.25	72.5	1	2	1	3	250	273750	250	273750	0.00471429	0	0.00471429	0.00471429	1095	0	1095	1095	
72.5	72.75	1	1	2	3	250	273750	250	273750	0.00471429	0	0.00471429	0.00471429	1095	0	1095	1095	
72.5	72.75	1	2	1	3	250	273750	250	273750	0.00471429	0	0.00471429	0.00471429	1095	0	1095	1095	
72.75	73	1	1	2	3	250	273750	250	273750	0.00471429	0	0.00471429	0.00471429	1095	0	1095	1095	
72.75	73	1	2	1	3	250	273750	250	273750	0.00471429	0	0.00471429	0.00471429	1095	0	1095	1095	
73	73.25	1	1	2	3	250	273750	250	273750	0.00471429	0	0.00471429	0.00471429	1095	0	1095	1095	
73	73.25	1	2	1	3	250	273750	250	273750	0.00471429	0	0.00471429	0.00471429	1095	0	1095	1095	
73.25	73.5	1	1	2	3	250	273750	250	273750	0.00471429	0	0.00471429	0.00471429	1095	0	1095	1095	
73.25	73.5	1	2	1	3	250	273750	250	273750	0.00471429	0	0.00471429	0.00471429	1095	0	1095	1095	
73.5	73.75	1	1	2	3	250	273750	250	273750	0.00471429	0	0.00471429	0.00471429	1095	0	1095	1095	
73.5	73.75	1	2	1	3	250	273750	250	273750	0.00471429	0	0.00471429	0.00471429	1095	0	1095	1095	
73.75	74	1	1	2	3	250	273750	250	273750	0.00471429	0	0.00471429	0.00471429	1095	0	1095	1095	
73.75	74	1	2	1	3	250	273750	250	273750	0.00471429	0	0.00471429	0.00471429	1095	0	1095	1095	
74	74.25	1	1	2	3	250	273750	250	273750	0.00471429	0	0.00471429	0.00471429	1095	0	1095	1095	
74	74.25	1	2	1	3	250	273750	250	273750	0.00471429	0	0.00471429	0.00471429	1095	0	1095	1095	
74.25	74.5	1	1	2	3	250	273750	250	273750	0.00471429	0	0.00471429	0.00471429	1095	0	1095	1095	
74.25	74.5	1	2	1	3	250	273750	250	273750	0.00471429	0	0.00471429	0.00471429	1095	0	1095	1095	
74.5	74.75	1	1	2	3	250	273750	250	273750	0.00471429	0	0.00471429	0.00471429	1095	0	1095	1095	
74.5	74.75	1	2	1	3	250	273750	250	273750	0.00471429	0	0.00471429	0.00471429	1095	0	1095	1095	
74.75	75	1	1	2	3	250	273750	250	273750	0.00471429	0	0.00471429	0.00471429	1095	0	1095	1095	
74.75	75	1	2	1	3	250	273750	250	273750	0.00471429	0	0.00471429	0.00471429	1095	0	1095	1095	
75	75.25	1	1	2	3	250	273750	250	273750	0.00471429	0	0.00471429	0.00471429	1095	0	1095	1095	
75	75.25	1	2	1	3	250	273750	250	273750	0.00471429	0	0.00471429	0.00471429	1095	0	1095	1095	
75.25	75.5	1	1	2	3	250	273750	250	273750	0.00471429	0	0.00471429	0.00471429	1095	0	1095	1095	
75.25	75.5	1	2	1	3	250	273750	250	273750	0.00471429	0	0.00471429	0.00471429	1095	0	1095	1095	
75.5	75.75	1	1	2	3	250	273750	250	273750	0.00471429	0	0.00471429	0.00471429	1095	0	1095	1095	
75.5	75.75	1	2	1	3	250	273750	250	273750	0.00471429	0	0.00471429	0.00471429	1095	0	1095	1095	
75.75	76	1	1	2	3	250	273750	250	273750	0.00471429	0	0.00471429	0.00471429	1095	0	1095	1095	
75.75	76	1	2	1	3	250	273750	250	273750	0.00471429	0	0.00471429	0.00471429	1095	0	1095	1095	
76	76.25	1	1	2	3	250	273750	250	273750	0.00471429	0	0.00471429	0.00471429	1095	0	1095	1095	
76	76.25	1	2	1	3	250	273750	250	273750	0.00471429	0	0.00471429	0.00471429	1095	0	1095	1095	
76.25	76.5	1	1	2	3	250	273750	250	273750	0.00471429	0	0.00471429	0.00471429	1095	0	1095	1095	
76.25	76.5	1	2	1	3	250	273750	250	273750	0.00471429	0	0.00471429	0.00471429	1095	0	1095	1095	
76.5	76.75	1	1	2	3	250	273750	250	273750	0.00471429	0	0.00471429	0.00471429	1095	0	1095	1095	
76.5	76.75	1	2	1	3	250	273750	250	273750	0.00471429	0	0.00471429	0.00471429	1095	0	1095	1095	
76.75	77	1	1	2	3	250	273750	250	273750	0.00471429	0	0.00471429	0.00471429	1095	0	1095	1095	
76.75	77	1	2	1	3	250	273750	250	273750	0.00471429	0	0.00471429	0.00471429	1095	0	1095	1095	
77	77.25	1	1	2	3	250	273750	250	273750	0.00471429	0	0.00471429	0.00471429	1095	0	1095	1095	
77	77.25	1	2	1	3	250	273750	250	273750	0.00471429	0	0.00471429	0.00471429	1095	0	1095	1095	
77.25	77.5	1	1	2	3	250	273750	250	273750	0.00471429	0	0.00471429	0.00471429	1095	0	1095	1095	
77.25	77.5	1	2	1	3	250	273750	250	273750	0.00471429	0	0.00471429	0.00471429	1095	0	1095	1095	
77.5	77.75	1	1	2	3	250	273750	250	273750	0.00471429	0	0.00471429	0.00471429	1095	0	1095	1095	
77.5	77.75	1	2	1	3	250	273750	250	273750	0.00471429	0	0.00471429	0.00471429	1095	0	1095	1095	
77.75	78	1	1	2	3	250	273750	250	273750	0.00471429	0	0.00471429	0.00471429	1095	0	1095	1095	
77.75	78	1	2	1	3	250	273750	250	273750	0.00471429	0	0.00471429	0.00471429	1095	0	1095	1095	
78	78.25	1	1	2	3	250	273750	250	273750	0.00471429	0	0.00471429	0.00471429	1095	0	1095	1095	
78	78.25	1	2	1	3	250	273750	250	273750	0.00471429	0	0.00471429	0.00471429	1095	0	1095	1095	
78.25	78.5	1	1	2	3	250	273750	250	273750	0.00471429	0	0.00471429	0.00471429	1095	0	1095	1095	
78.25	78.5	1	2	1	3	250	273750	250	273750	0.00471429	0	0.00471429	0.00471429	1095	0	1095	1095	
78.5	78.75	1	1	2	3	250	273750	250	273750	0.00471429	0	0.00471429	0.00471429	1095	0	1095	1095	
78.5	78.75	1	2	1	3	250	273750	250	273750	0.00471429	0	0.00471429	0.00471429	1095	0	1095	1095	
78.75	79	1	1	2	3	250	273750	250	273750	0.00471429	0	0.00471429	0.00471429	1095	0	1095	1095	
78.75	79	1	2	1	3	250	273750	250	273750	0.00471429	0	0.00471429	0.00471429	1095	0	1095	1095	
79	79.25	1	1	2	3	250	273750	250	273750	0.00471429	0	0.00471429	0.00471429	1095	0	1095	1095	
79	79.25	1	2	1	3	250	273750	250	273750	0.00471429	0	0.00471429	0.00471429	1095	0	1095	1095	
79.25	79.5	1	1	2	3	250	273750	250	273750	0.00471429	0	0.00471429	0.00471429	1095	0	1095	1095	
79.25	79.5	1	2	1	3	250	273750	250	273750	0.00471429	0	0.00471429	0.00471429	1095	0	1095	1095	
79.5	79.75	1	1	2	3	250	273750	250	273750	0.00471429	0	0.00471429	0.00471429	1095	0	1095	1095	
79.5	79.75	1	2	1	3	250	273750	250	273750	0.00471429	0	0.00471429	0.00471429	1095	0	1095	1095	
79.75	80	1	1	2	3	250	273750	250	273750	0.00471429	0	0.00471429	0.00471429	1095	0	1095	1095	
79.75	80	1	2	1	3	250	273750	250	273750	0.00471429	0	0.00471429	0.00471429	1095	0	1095	1095	
80	80.25	1	1	2	3	250	273750	250	273750	0.00471429	0	0.00471429	0.00471429	1095	0	1095	1095	
80	80.25	1	2	1	3	250	273750	250	273750	0.00471429	0	0.00471429	0.00471429	1095	0	1095	1095	
80.25	80.5	1	1	2	3	250	273750	250	273750	0.00471429	0	0.00471429	0.00471429	1095	0	1095	1095	
80.25	80.5	1	2	1	3	250	273750	250	273750	0.00471429	0	0.00471429	0.00471429	1095	0	1095	1095	
80.5	80.75	1	1	2	3	250	273750	250	273750	0.00471429	0	0.00471429	0.00471429	1095	0	1095	1095	
80.5	80.75	1	2	1	3	250	273750	250	273750	0.00471429	0	0.00471429	0.00471429	1095	0	1095	1095	
80.75	81	1	1	2	3	250	273750	250	273750	0.00471429	0	0.00471429	0.00471429	1095	0	1095	1095	
80.75	81	1	2	1	3	250	273750	250	273750	0.00471429	0	0.00471429	0.00471429	1095	0	1095	1095	
81	81.25	1	1	2	3	250	273750	250	273750	0.00471429	0	0.00471429	0.00471429	1095	0	1095	1095	
81	81.25	1	2	1	3	250	273750	250	273750	0.00471429	0	0.00471429	0.00471429	1095	0	1095	1095	
81.25	81.5	1	1	2	3	250	273750	250	273750	0.00471429	0	0.00471429	0.00471429	1095	0	1095	1095	
81.25	81.5	1	2	1	3	250	273750	250	273750	0.00471429	0	0.00471429	0.00471429	1095	0	1095	1095	
81.5	81.75	1	1	2	3	250	273750	250	273750	0.00471429	0	0.00471429	0.00471429	1095	0	1095	1095	
81.5	81.75	1	2	1	3	250	273750	250	273750	0.00471429	0	0.00471429	0.00471429	1095	0	1095	1095	
81.75	82	1	1	2	3	250	273750	250	273750	0.00471429	0	0.00471429	0.00471429	1095	0	1095	1095	
81.75	82	1	2	1	3	250	273750	250	273750	0.00471429	0	0.00471429	0.00471429	1095	0	1095	1095	
82	82.25	1	1	2	3	250	273750	250	273750	0.00471429	0	0.00471429	0.00471429	1095	0	1095	1095	
82	82.25	1	2	1	3	250	273750	250	273750	0.00471429	0	0.00471429	0.00471429	1095	0	1095	1095	
82.25	82.5	1	1	2	3	250	273750	250	273750	0.00471429	0	0.00471429	0.00471429	1095	0	1095	1095	
82.25	82.5	1	2	1	3	250	273750	250	273750	0.00471429	0	0.00471429	0.00471429	1095	0	1095	1095	
82.5	82.75	1	1	2	3	250	273750	250	273750	0.00471429	0	0.00471429	0.00471429	1095	0	1095	1095	
82.5	82.75	1	2	1	3	250	273750	250	273750	0.00471429	0	0.00471429	0.00471429	1095	0	1095	1095	
82.75	83	1	1	2	3	250	273750	250	273750	0.00471429	0	0.00471429	0.00471429	1095	0	1095	1095	
82.75	83	1	2	1	3	250	273750	250	273750	0.00471429	0	0.00471429	0.00471429	1095	0	1095	1095	
83	83.25	1	1	2	3	250	273750	250	273750	0.00471429	0	0.00471429	0.00471429	1095	0	1095	1095	
83	83.25	1	2	1	3	250	273750	250	273750	0.00471429	0	0.00471429	0.00471429	1095	0	1095	1095	
83.25	83.5	1	1	2	3	250	273750	250	273750	0.00471429	0	0.00471429	0.00471429	1095	0	1095	1095	
83.25	83.5	1	2	1	3	250	273750	250	273750	0.00471429	0	0.00471429	0.00471429	1095	0	1095	1095	
83.5	83.75	1	1	2	3	250	273750	250	273750	0.00471429	0	0.00471429	0.00471429	1095	0	1095	1095	
83.5	83.75	1	2	1	3	250	273750	250	273750	0.00471429	0	0.00471429	0.00471429	1095	0	1095	1095	
83.75	84	1	1	2	3	250	273750	250	273750	0.00471429	0	0.00471429	0.00471429	1095	0	1095	1095	
83.75	84	1	2	1	3	250	273750	250	273750	0.00471429	0	0.00471429	0.00471429	1095	0	1095	1095	
84	84.25	1	1	2	3	250	273750	250	273750	0.00471429	0	0.00471429	0.00471429	1095	0	1095	1095	
84	84.25	1	2	1	3	250	273750	250	273750	0.00471429	0	0.00471429	0.00471429	1095	0	1095	1095	
84.25	84.5	1	1	2	3	250	273750	250	273750	0.00471429	0	0.00471429	0.00471429	1095	0	1095	1095	
84.25	84.5	1	2	1	3	250	273750	250	273750	0.00471429	0	0.00471429	0.00471429	1095	0	1095	1095	
